%% SS system in numeric form

A = [0                  1                0              0;
     0                  -0.7737853734e3 -0.6573516819e1 0.1624949284e2;
     0                  0                0              1;
     0                  0.3313238430e4   0.6307193805e2 -0.6957800702e2;];
 
B = [0              0;
     0.3659795684e2 0.1456681540e3;
     0              0;
    -0.1567072230e3 -0.4874973668e3;];

C = [0 0 1 0];

D = [0 0];